3*3 matrix=>
1 0 1
1 1 0
0 1 1    

4*4 matrix=>
1 1 1 1 
1 1 1 0 
1 0 1 1 
0 1 0 1

5*5 matrix=>
1 1 1 1 1
1 1 1 0 1
1 0 0 1 1
0 1 0 1 1
0 1 1 1 1

6*6 matrix=>
1 1 1 0 1 1
0 0 1 1 0 1
1 1 1 1 0 0
1 0 0 1 1 1
1 1 1 0 0 1
1 0 1 1 1 1

7*7 matrix=>
1 1 0 0 1 1 1
1 0 1 0 0 0 1
1 0 1 1 1 0 1
1 0 0 0 1 0 1
1 1 1 0 1 1 1
0 0 1 0 0 0 1
1 1 1 1 1 1 1

8*8 matrix=>
1 1 1 0 0 1 1 1
0 0 1 1 0 0 0 1
1 1 1 1 1 1 0 1
1 0 0 1 1 0 0 1
1 1 1 1 1 1 1 1
0 0 0 1 0 0 0 1
1 1 0 1 1 1 1 1
1 0 0 0 0 0 0 1


Some matrix with no path=>

1 1 1 0 0 1 1 1
0 0 1 1 0 0 0 1
1 1 1 0 1 1 0 1
1 0 0 0 1 0 0 1
1 1 1 1 1 1 1 1
0 0 0 1 0 0 0 1
1 1 0 1 1 1 1 1
1 0 0 0 0 0 0 1

1 0 1 1 1 1
1 0 0 0 0 1
1 1 1 0 1 1
0 0 1 0 0 1
1 1 1 1 0 1
1 0 0 0 1 0